83 26 37 35 33 35 56 22 79 11 42 77 60 89 33 86 70 46 62 56 81 18 97 79 72 90 72 23 47 65 69 82 82 58 69 67 83 26 41 62 79 73 91 39 24 77 78 84 75 40 93 56 11 90 36 73 42 60 86 41 25 55 24 97 
66 45 26 49 23 57 64 55 82 55 84 97 84 24 43 60 17 88 16 18 78 94 43 21 54 29 52 70 36 28 29 92 26 46 94 39 55 20 84 38 27 31 87 12 97 82 62 66 71 30 36 11 25 69 74 69 50 79 91 77 97 21 31 75 
19 77 67 26 87 13 16 15 86 93 69 84 38 31 12 99 13 39 10 28 98 75 50 49 16 93 78 65 66 61 41 75 39 98 54 78 11 60 83 50 54 14 34 44 87 36 43 91 27 95 19 26 32 21 27 38 15 57 94 71 18 35 99 47 
85 53 78 48 13 61 88 19 66 74 53 53 63 48 96 80 44 68 58 28 79 37 57 46 84 13 70 93 90 69 92 75 74 70 75 39 84 26 49 12 52 54 17 67 55 14 48 51 72 58 69 13 86 78 50 32 81 20 25 71 41 70 98 15 
40 36 44 76 52 45 78 56 52 48 24 97 52 24 10 76 72 69 79 20 48 81 43 81 91 20 53 84 80 13 89 21 39 86 49 43 83 28 90 35 66 66 84 70 80 84 46 52 16 77 25 16 59 58 87 12 68 92 49 49 96 90 22 87 
76 61 83 22 41 35 99 59 91 84 29 71 30 27 75 88 57 90 94 68 10 44 32 69 36 71 70 84 62 82 72 90 95 55 12 89 80 12 48 33 48 30 94 30 99 31 19 56 22 65 24 74 99 99 43 36 70 65 20 32 99 44 23 95 
51 77 84 83 41 84 16 79 14 62 62 66 84 71 22 58 88 89 32 88 88 28 76 58 83 48 43 83 83 18 40 34 47 76 18 79 60 76 58 27 39 20 83 23 43 57 33 32 46 55 72 86 35 48 97 19 86 40 54 31 10 84 18 47 
60 78 26 72 54 37 89 83 99 72 58 43 30 81 27 28 89 51 15 24 89 12 85 37 94 39 59 94 75 29 93 35 97 20 98 51 99 49 87 98 22 45 93 94 79 20 22 30 61 79 96 12 81 82 40 37 73 51 31 49 70 25 36 67 
87 34 70 86 74 57 84 48 55 78 42 86 50 16 16 64 86 12 28 29 46 20 57 20 61 40 21 83 17 47 12 56 34 35 42 60 82 79 60 89 19 54 75 21 60 43 37 98 98 56 80 44 66 37 16 80 29 27 25 89 27 28 45 13 
53 78 63 87 19 23 77 28 67 14 91 79 10 29 78 98 75 58 94 93 47 11 73 28 80 89 17 59 69 53 62 74 83 77 61 92 52 90 72 71 57 25 51 57 44 81 17 71 91 11 27 90 64 90 18 45 41 26 56 62 31 19 36 14 
48 50 58 91 40 82 62 49 97 65 96 94 46 13 27 89 67 44 79 31 87 50 66 80 28 75 43 49 84 31 15 84 71 25 75 64 59 38 13 18 55 62 12 92 27 30 43 84 26 23 16 13 63 34 84 43 99 27 82 45 48 49 30 72 
64 57 36 75 47 91 83 93 53 48 85 71 30 28 17 46 93 75 50 18 10 34 51 61 13 85 59 13 34 41 75 50 88 63 25 36 55 99 29 60 47 66 83 67 46 91 65 40 66 15 10 28 91 52 42 56 89 91 60 24 32 87 64 20 
13 42 98 20 93 27 70 40 83 54 59 82 97 24 22 25 82 74 44 73 78 76 30 68 29 42 82 13 81 98 23 84 92 22 94 85 91 27 25 37 71 36 19 68 51 83 83 33 57 79 58 36 17 40 94 88 34 38 91 16 88 15 52 81 
79 99 66 70 26 44 59 49 70 68 69 73 51 14 58 99 46 17 87 53 47 81 42 72 71 85 40 59 90 44 40 31 43 97 54 21 41 13 60 63 72 81 37 75 86 85 74 32 92 61 37 92 94 31 26 65 17 18 25 59 52 17 43 86 
14 87 59 97 52 72 61 76 53 50 52 91 35 26 75 80 40 13 34 86 86 50 52 55 58 29 15 10 36 10 48 93 87 98 52 91 70 65 68 75 15 20 67 93 88 42 73 80 97 97 67 46 99 71 91 19 90 58 19 78 58 20 33 97 
70 76 89 92 41 57 67 99 67 86 92 17 81 65 88 78 24 55 76 75 26 68 84 68 78 93 98 37 65 32 34 35 60 75 27 53 32 47 52 51 33 44 59 14 61 99 45 37 54 21 12 32 41 86 52 20 42 12 99 97 34 33 85 46 
61 64 90 83 11 42 87 87 39 98 91 90 97 36 80 51 10 82 35 41 69 77 51 63 41 12 60 66 88 97 64 49 62 54 84 25 49 71 12 78 69 56 30 66 44 10 69 44 45 94 76 66 33 79 29 65 82 41 83 70 39 99 71 53 
54 55 68 55 27 33 33 48 79 15 15 23 68 36 20 13 83 86 31 68 27 50 85 61 81 30 83 20 30 54 25 74 62 84 29 79 69 14 79 48 71 46 23 39 73 33 94 56 71 25 76 51 27 62 12 99 82 48 71 12 54 87 38 16 
33 57 47 92 23 27 92 85 63 67 76 88 91 33 96 24 10 73 65 28 35 30 79 69 68 50 72 74 89 10 81 22 20 80 66 33 59 20 18 23 78 47 63 31 70 60 45 70 33 11 88 20 31 67 79 51 70 13 25 59 14 58 34 76 
39 52 99 50 63 70 63 93 17 79 24 39 39 21 99 24 22 50 86 95 69 65 46 91 31 24 13 87 72 37 63 63 79 62 14 94 84 29 49 53 98 63 82 89 75 44 13 49 84 89 45 15 17 43 59 90 57 62 77 82 89 40 45 30 
54 11 77 39 83 26 82 81 42 65 33 69 61 88 18 97 40 15 12 47 49 61 89 96 23 66 78 64 96 76 47 12 77 24 41 60 40 76 94 34 93 27 93 54 67 12 51 97 69 15 96 18 29 85 15 42 51 45 59 99 21 96 12 51 
20 95 63 12 71 19 37 26 88 82 70 56 84 73 53 16 79 50 24 98 35 81 92 39 27 13 38 90 99 92 93 71 88 57 74 21 66 63 38 55 45 60 11 82 86 54 88 65 56 12 25 82 46 69 21 63 73 11 15 72 56 99 44 44 
56 70 17 74 33 97 29 30 20 82 12 96 89 90 23 45 55 38 27 91 97 90 16 70 54 21 43 10 72 39 96 80 99 13 55 84 63 36 14 73 71 69 31 60 59 44 95 66 72 75 19 31 27 77 54 71 51 49 71 23 78 67 94 39 
33 11 23 48 37 79 73 98 48 94 20 60 38 16 78 62 43 88 45 60 65 89 32 16 38 55 82 68 23 76 97 98 77 72 46 66 52 19 27 90 13 37 12 93 95 81 17 38 69 14 51 86 94 73 55 84 28 37 53 93 65 50 91 94 
75 37 60 27 98 39 69 63 29 34 56 24 15 25 15 36 30 56 22 76 29 29 22 99 56 65 55 73 68 46 67 43 36 80 22 86 19 43 50 38 67 96 15 72 74 20 60 56 28 35 84 99 54 96 98 63 62 53 36 82 52 94 77 40 
74 89 26 45 84 66 74 52 25 41 76 51 13 37 97 31 62 81 30 68 39 80 31 53 34 58 35 38 52 12 30 26 53 46 61 90 65 87 94 42 80 70 83 83 59 80 14 73 23 34 42 14 15 63 58 91 21 83 81 25 48 11 93 53 
99 17 95 64 94 89 96 37 22 41 20 71 73 77 97 86 63 39 91 30 54 11 21 28 46 54 43 84 17 37 90 17 44 85 33 90 37 82 79 49 23 90 72 87 29 69 35 82 60 78 13 15 79 76 85 26 83 80 62 90 17 14 97 13 
90 31 56 27 65 87 28 78 39 90 27 58 60 53 41 20 83 96 77 63 72 62 41 55 43 93 98 12 98 95 68 50 78 76 29 43 63 47 74 93 37 91 13 49 96 44 22 80 92 89 95 27 14 36 34 99 81 32 63 41 28 31 43 58 
59 62 54 75 61 80 30 51 33 33 90 30 30 12 62 22 54 57 39 58 45 64 57 78 86 20 20 66 94 53 77 15 68 31 80 29 63 10 32 86 34 23 68 16 77 30 28 31 39 58 41 36 74 88 15 60 61 25 79 17 30 56 22 88 
39 55 70 92 17 92 78 41 67 47 99 97 29 28 28 59 38 60 85 12 10 52 24 23 67 93 30 50 11 95 38 40 50 60 84 57 15 63 51 34 62 50 31 43 30 50 54 58 62 92 60 62 44 75 38 64 30 58 14 32 15 94 62 17 
55 47 65 22 62 68 46 76 70 30 19 91 32 26 49 84 18 62 98 52 37 88 16 57 47 20 79 14 15 94 22 22 93 39 86 55 97 84 83 29 14 54 20 36 70 22 72 78 74 33 31 11 21 89 20 20 10 52 25 67 46 89 41 39 
28 27 46 25 11 81 44 68 35 17 56 96 29 81 74 93 66 57 56 39 47 66 50 99 70 27 66 16 68 97 97 86 76 95 63 77 76 59 97 12 66 54 60 47 35 34 40 91 82 48 30 81 15 32 80 37 11 46 44 69 95 93 55 71 
51 70 10 27 30 98 81 86 14 41 34 39 28 26 82 62 65 12 43 32 87 23 59 50 21 55 20 16 49 27 39 52 88 39 69 18 89 13 56 93 96 80 84 24 59 66 76 24 31 19 98 70 84 19 20 95 65 30 11 66 10 92 18 88 
84 39 58 73 94 14 29 91 47 65 67 96 32 44 72 15 15 70 75 52 79 47 47 96 68 11 62 30 93 32 18 77 24 66 13 18 70 84 99 17 49 67 65 71 63 37 38 30 59 65 72 91 13 72 87 33 73 12 53 28 86 61 96 10 
79 61 19 11 45 70 19 84 89 36 18 52 64 46 35 23 64 97 14 67 31 54 90 94 18 43 23 94 56 71 95 35 84 66 36 29 36 97 65 26 34 73 30 50 72 55 63 88 15 30 55 36 36 97 83 44 40 58 90 48 81 85 73 65 
51 61 84 40 21 11 18 45 37 38 85 61 46 10 49 51 82 94 39 70 91 74 14 83 32 95 31 13 42 56 30 46 69 66 38 80 68 46 77 95 74 24 56 20 25 95 23 59 51 15 30 94 79 86 77 64 43 60 29 76 16 50 74 75 
68 12 18 36 48 85 83 74 10 91 47 77 48 60 88 89 27 18 83 59 57 22 75 90 72 94 28 40 96 92 16 65 56 76 53 94 61 37 31 23 80 68 52 29 80 41 70 98 11 16 57 58 28 32 11 53 78 29 83 75 74 51 92 82 
27 97 39 41 34 60 54 67 28 97 86 98 90 18 96 91 24 15 12 95 89 13 48 68 84 83 95 20 35 49 93 14 46 32 45 33 82 90 90 10 49 38 60 39 46 57 82 61 24 84 18 14 49 18 34 34 91 29 96 78 30 89 83 66 
73 28 89 55 70 41 17 71 69 68 62 16 77 45 29 53 29 89 57 69 97 43 55 50 24 51 29 44 41 64 63 66 44 52 22 67 46 81 38 15 11 91 73 40 36 54 84 17 95 93 38 92 37 83 95 13 87 24 48 80 40 11 46 74 
15 58 93 51 92 32 19 55 75 44 86 63 51 32 70 46 25 61 39 14 44 86 18 31 10 18 11 92 19 48 28 76 58 22 80 12 44 89 58 71 85 96 34 36 28 56 73 95 17 64 62 14 50 32 87 12 40 51 56 11 89 74 39 99 
86 19 64 82 60 22 53 46 18 39 72 88 86 97 83 55 23 45 59 25 29 47 79 59 50 35 22 91 10 52 90 86 23 16 69 74 28 74 20 88 14 44 38 52 94 22 97 17 19 19 33 39 18 64 50 58 90 25 49 90 29 91 38 42 
98 97 16 78 34 78 29 38 23 57 80 17 31 39 76 93 10 61 84 18 26 86 66 16 11 67 58 82 59 86 25 19 84 83 87 18 62 68 98 37 26 40 44 99 31 72 92 32 34 76 40 12 63 59 18 26 78 66 99 37 52 76 98 88 
59 48 58 21 16 18 10 84 48 44 84 32 69 76 54 55 15 84 57 30 95 27 46 74 83 45 63 87 73 62 38 33 10 48 96 16 19 97 91 19 93 37 41 62 13 85 17 70 32 26 90 27 43 37 91 78 34 17 66 98 69 56 83 69 
56 79 37 65 76 80 75 32 17 16 46 73 92 54 43 76 70 34 93 66 23 47 44 99 54 62 59 23 18 42 44 65 74 33 82 12 14 57 34 21 26 71 46 18 77 80 84 99 66 39 65 41 76 10 92 82 62 52 57 33 46 91 50 20 
77 32 23 81 80 47 54 58 70 91 28 47 33 64 47 51 93 64 44 32 64 36 14 79 78 24 12 25 67 52 87 44 74 10 25 16 10 70 64 70 23 82 70 98 46 69 49 92 33 45 24 88 71 80 67 12 94 69 79 62 73 66 96 47 
67 74 16 29 96 70 89 19 15 21 17 13 80 18 95 14 53 19 54 76 52 73 78 46 42 57 60 67 76 57 14 43 31 72 24 27 95 65 88 10 77 57 13 57 27 99 23 32 70 67 98 22 40 77 21 34 86 71 91 62 28 58 57 11 
30 71 80 77 89 30 77 66 39 43 23 56 94 89 78 64 56 39 39 87 68 50 21 54 73 65 69 54 23 78 55 95 12 88 73 91 18 12 57 10 45 32 56 91 21 87 18 68 26 47 17 84 49 80 90 22 97 21 66 72 90 74 68 92 
62 93 83 32 57 92 84 55 24 41 46 88 80 54 18 58 53 25 42 54 57 84 67 55 96 85 27 86 59 47 40 73 92 23 58 50 15 42 95 81 35 41 31 15 48 39 63 53 16 57 98 26 42 65 71 90 50 50 38 62 88 68 87 80 
81 45 30 48 40 77 81 65 71 13 33 19 94 48 62 63 96 60 79 90 77 50 42 80 90 70 94 40 38 81 21 19 79 93 19 19 71 52 36 94 17 59 13 12 98 27 65 56 40 44 46 69 46 78 49 36 48 95 29 38 77 40 47 18 
85 18 27 18 60 15 12 68 65 67 32 25 47 49 71 77 83 69 46 29 99 48 17 47 43 36 75 72 28 74 80 66 44 59 36 56 65 39 76 82 58 98 97 95 47 30 72 82 89 71 63 88 71 33 87 66 21 24 39 92 50 71 58 46 
83 84 92 10 75 69 44 34 29 41 29 29 23 54 11 12 25 27 52 86 50 91 14 61 15 43 15 17 67 63 53 12 10 97 64 37 66 98 61 48 39 43 67 52 87 30 16 64 47 20 12 49 11 16 63 68 12 68 75 69 32 80 33 84 
77 87 21 96 85 35 44 76 68 11 80 55 31 48 19 31 58 21 70 59 27 33 79 81 92 16 12 76 86 35 60 25 74 33 21 59 58 17 87 26 18 67 33 92 15 94 23 25 67 45 36 85 69 15 28 23 73 31 89 59 56 11 37 31 
34 10 42 45 18 30 61 26 49 47 70 55 41 83 32 99 29 59 46 50 26 64 63 90 85 14 11 94 15 38 25 91 39 19 36 47 39 50 25 79 87 86 86 28 31 18 79 12 29 25 14 46 42 67 36 27 71 37 21 38 66 88 30 57 
98 56 56 89 96 71 68 45 19 16 26 41 77 95 95 96 73 10 42 15 29 68 32 53 58 96 81 76 46 11 33 44 20 79 86 68 12 16 14 22 23 30 15 90 77 62 48 50 62 43 55 44 63 40 87 21 88 68 87 34 32 72 31 42 
51 17 62 16 23 66 80 88 48 47 40 78 99 79 28 24 22 36 58 37 28 45 49 68 13 36 54 87 61 75 29 64 44 82 70 20 10 50 98 11 87 91 79 49 70 59 63 44 47 73 71 27 18 72 85 73 61 92 61 22 29 42 76 64 
76 99 36 39 49 34 40 89 25 71 90 47 82 53 43 82 78 67 61 86 91 99 21 52 91 34 26 20 67 93 36 95 92 62 34 93 49 26 44 26 87 34 26 32 39 59 66 17 78 27 55 32 26 67 74 17 91 91 28 20 46 16 16 90 
69 40 45 18 57 80 34 96 66 50 80 96 62 46 65 92 64 21 24 42 40 51 50 83 94 30 94 40 36 62 82 57 92 27 65 11 59 90 60 26 92 40 22 54 39 39 99 55 50 23 87 80 64 89 64 58 19 20 50 98 72 32 55 26 
12 21 28 61 63 40 77 17 32 51 24 61 81 23 16 83 88 56 26 53 45 42 63 17 52 66 15 76 88 60 92 52 33 72 14 48 12 43 18 35 47 32 48 28 97 17 63 85 63 79 90 98 21 16 15 25 72 72 91 22 85 46 65 18 
18 69 19 73 64 27 60 11 11 60 81 98 67 45 83 30 76 36 81 88 42 48 65 14 73 19 26 58 55 81 28 25 12 89 50 67 16 10 30 17 23 12 67 80 47 51 63 23 77 96 63 19 96 29 75 69 38 91 27 45 73 98 60 37 
87 63 94 56 25 25 25 38 79 83 19 26 86 34 91 25 30 17 86 26 88 61 86 78 52 65 23 77 63 35 15 51 88 61 97 66 38 22 94 17 57 13 33 43 37 77 58 19 46 44 36 34 95 74 12 10 39 77 77 55 64 44 96 15 
96 55 71 34 29 65 42 77 31 27 20 20 56 31 30 92 65 18 26 23 82 80 23 21 19 52 66 36 87 24 41 83 31 64 69 51 81 11 80 12 81 52 75 37 73 95 30 91 65 98 66 47 41 79 20 12 83 39 38 70 53 31 15 37 
47 37 40 29 38 20 83 71 24 58 99 50 15 81 93 70 41 59 69 72 90 80 37 73 19 27 96 24 49 63 13 48 90 43 67 81 15 51 52 82 61 13 32 67 84 25 89 26 74 59 50 64 91 77 89 10 95 85 76 96 11 80 44 91 
75 12 34 43 15 77 25 66 42 47 85 27 24 75 43 88 86 83 14 77 61 93 39 18 41 67 14 42 99 48 85 75 12 72 70 17 11 85 36 43 32 21 60 98 48 55 86 34 39 52 63 52 97 92 22 38 22 26 32 21 26 70 48 29 
42 18 88 95 55 24 38 39 88 89 37 36 44 75 23 35 27 76 39 25 31 51 15 95 29 90 16 46 22 17 27 16 77 15 11 33 82 39 62 70 80 90 58 77 65 71 64 45 10 94 60 83 97 27 78 27 17 84 63 81 53 80 87 31 
